9,30
9,29
9,28
9,27
9,26
9,25
9,24
9,23
9,22
9,21
9,20
9,19
9,18
9,17
9,16
9,15
9,14
9,13
9,12
9,11
9,10
9,9
9,8
9,7
9,6
9,5
9,4
9,3
9,2
9,1
9,0
8,3
8,2
8,1
8,0
7,74
7,73
7,71
7,70
7,69
7,68
7,67
7,66
7,65
7,64
7,35
7,34
7,33
7,32
7,31
7,30
7,29
7,28
7,27
7,26
7,25
7,24
7,23
7,22
7,21
7,20
7,19
7,18
7,17
7,16
7,15
7,14
7,13
7,12
7,11
7,10
7,9
7,8
7,7
7,6
7,5
7,4
7,2
6,4
6,2
5,4
5,3
5,2
5,1
5,0
4,3
4,1
4,0
2,3
2,1
2,0
1,3
1,1
1,0
0,408
0,322
0,243
7,1
7,75
7,72
7,3
6,1
7,0
6,5
6,3
6,0
0,9
0,310
0,305
0,308
0,304
0,303
0,302
0,307
0,12
0,10
0,8
0,0
0,436
0,300
0,435
0,299
0,434
0,298
0,433
0,297
0,432
0,296
0,431
0,295
0,430
0,294
0,429
0,293
0,428
0,292
0,427
0,291
0,426
0,290
0,425
0,289
0,424
0,288
0,423
0,287
0,422
0,286
0,421
0,285
0,420
0,284
0,419
0,283
0,418
0,282
0,417
0,281
0,416
0,280
0,415
0,279
0,414
0,278
0,413
0,277
0,412
0,276
0,411
0,275
0,410
0,274
0,409
9,31
9,32
9,34
9,35
9,37
9,38
9,40
9,42
9,43
9,45
9,46
9,48
9,50
9,51
9,53
9,54
9,56
9,57
9,64
9,66
9,67
9,69
9,70
9,72
9,74
9,75
9,77
9,78
9,80
9,81
9,83
9,85
9,86
9,88
9,89
9,91
9,93
9,94
9,96
9,97
9,99
9,100
9,102
9,104
9,105
9,107
9,108
9,110
9,112
9,113
9,115
9,116
9,118
9,120
9,121
9,123
9,124
9,126
9,127
9,129
9,131
9,132
9,134
9,135
9,137
9,139
9,140
9,142
9,143
9,145
9,146
9,148
9,150
9,151
9,153
9,154
9,156
9,158
9,159
9,161
9,162
9,164
9,165
9,167
9,169
9,170
9,172
9,173
9,175
9,177
9,178
9,180
9,181
9,183
9,185
9,186
9,188
9,189
9,191
9,190
9,187
9,184
9,182
9,179
9,176
9,174
9,171
9,168
9,166
9,163
9,160
9,157
9,155
9,152
9,149
9,147
9,144
9,141
9,138
9,136
9,133
9,130
9,128
9,125
9,122
9,119
9,117
9,114
9,111
9,109
9,106
9,103
9,101
9,98
9,95
9,92
9,90
9,87
9,84
9,82
9,79
9,76
9,73
9,71
9,68
9,65
9,58
9,55
9,52
9,49
9,47
9,44
9,41
9,39
9,36
9,33
0,273
0,407
0,272
0,406
0,271
0,405
0,270
0,404
0,269
0,403
0,268
0,402
0,267
0,401
0,266
0,400
0,265
0,399
0,264
0,398
0,263
0,397
0,262
0,396
0,261
0,395
0,260
0,394
0,259
0,393
0,258
0,392
0,257
0,391
0,256
0,390
0,255
0,389
0,254
0,388
0,253
0,387
0,252
0,386
0,251
0,385
0,250
0,384
0,249
0,383
0,248
0,382
0,247
0,381
0,246
0,380
0,245
0,379
0,244
0,378
0,242
0,377
0,241
0,376
0,240
0,375
0,239
0,374
0,238
0,373
0,237
0,372
0,236
0,371
0,235
0,358
0,234
0,357
0,233
0,356
0,232
0,355
0,231
0,354
0,230
0,353
0,229
0,352
0,228
0,351
0,227
0,350
0,226
0,349
0,225
0,348
0,224
0,347
0,223
0,346
0,222
0,345
0,221
0,344
0,220
0,343
0,219
0,342
0,218
0,341
0,217
0,340
0,216
0,337
0,215
0,329
0,214
0,328
0,213
0,325
0,212
0,364
0,211
0,363
0,210
0,362
0,209
0,361
0,208
0,360
0,207
0,359
0,206
0,370
0,205
0,339
0,204
0,338
0,203
0,369
0,202
0,437
0,201
0,336
0,200
0,335
0,199
0,334
0,198
0,333
0,197
0,368
0,196
0,332
0,195
0,331
0,194
0,330
0,193
0,327
0,192
0,326
0,63
0,367
0,62
0,366
0,61
0,324
0,60
0,323
0,59
0,321
0,58
0,320
0,57
0,365
0,56
0,319
0,55
0,318
0,54
0,317
0,53
0,316
0,52
0,315
0,51
0,314
0,50
0,313
0,49
0,312
0,48
0,311
0,47
0,309
0,46
0,306
0,45
0,301
0,6
0,5
0,1
0,11
0,4
0,2
0,3
0,7
